print('''
类内散布矩阵：
 [[38.9562 13.683  24.614   5.6556]
 [13.683  17.035   8.12    4.9132]
 [24.614   8.12   27.22    6.2536]
 [ 5.6556  4.9132  6.2536  6.1756]]
类间散布矩阵：
 [[ 63.2121 -19.534  165.1647  71.3631]
 [-19.534   10.9776 -56.0552 -22.4924]
 [165.1647 -56.0552 436.6437 186.9081]
 [ 71.3631 -22.4924 186.9081  80.6041]]

特征向量1:
[[ 0.2049]
 [ 0.3871]
 [-0.5465]
 [-0.7138]]
特征值1:3.23e+01

特征向量2:
[[-0.009 ]
 [-0.589 ]
 [ 0.2543]
 [-0.767 ]]
特征值2:2.78e-01

特征向量3:
[[-0.8379]
 [ 0.1696]
 [ 0.1229]
 [ 0.5041]]
特征值3:-4.13e-15

特征向量4:
[[ 0.2   ]
 [-0.3949]
 [-0.4567]
 [ 0.7717]]
特征值4:1.20e-14
特征值排序结果:

32.27195779972981
0.27756686384004264
1.1953730364935478e-14
4.1311796919088535e-15
特征值占总体百分比:

特征值 1:99.15%
特征值 2:0.85%
特征值 3:0.00%
特征值 4:0.00%
(150, 2)''')